5
2 3 100
4 3 200
1 5 150
1 3 50
3
2 4
3 5
1 2
7
3 6 4
1 7 1
1 3 2
1 2 6
2 5 4
2 4 4
5
6 4
7 6
1 2
1 3
3 5
9
1 2 2
2 3 1
3 4 5
2 7 4
1 5 3
5 6 1
5 9 2
1 8 3
5
6 9
7 8
9 4
1 2
7 3
10
10 4 8
7 4 3
9 1 5
7 1 2
8 3 5
6 5 7
3 4 4
6 9 1
2 3 10
5
9 5
2 7
2 5
3 9
8 6
6
1 2 1
2 6 3
3 5 2
4 5 2
4 6 2
1
2 3
10
2 1 123
1 5 1
2 4 55
3 2 66
10 3 583
6 3 11
8 4 89
4 7 75
8 9 1
1
7 5
28
1 2 19
1 3 68
2 4 27
2 5 17
2 6 29
3 7 71
4 8 38
4 9 13
5 10 4
7 11 81
8 12 5
9 13 75
10 14 70
10 15 68
11 16 7
11 17 86
12 18 23
12 19 47
14 20 26
15 21 92
17 22 55
18 23 20
19 24 49
20 25 2
20 26 95
21 27 37
22 28 4
4
17 8
7 18
3 28
27 12
20
19 18 57
15 19 25
8 15 50
1 15 93
12 1 58
10 19 94
13 8 50
14 18 32
20 10 55
4 15 93
2 1 79
17 4 96
3 1 78
6 18 26
16 2 45
7 12 77
5 14 47
11 17 23
9 19 55
50
11 8
11 2
14 1
13 3
11 7
14 5
20 14
1 13
7 16
12 7
19 4
5 17
2 8
10 15
11 16
2 3
11 7
17 18
12 13
12 19
8 3
12 19
16 19
12 7
4 8
8 12
15 17
15 6
12 7
14 16
9 10
18 2
4 10
18 19
4 7
9 11
15 6
11 13
5 14
2 11
12 7
19 4
6 7
10 6
3 1
18 12
20 12
9 10
14 6
16 10
60
1 3 423
1 34 164
1 36 86
1 7 416
1 16 461
3 40 53
3 50 72
3 5 148
3 6 306
3 19 135
34 49 44
34 54 79
34 57 336
34 31 402
34 23 399
36 27 325
36 53 276
36 37 212
36 20 40
36 42 175
7 17 186
7 29 235
7 2 106
7 46 125
7 4 327
16 28 411
16 13 307
16 55 35
16 45 346
16 26 84
40 51 435
40 24 144
40 18 13
40 35 1
40 30 76
50 11 447
50 9 418
50 59 148
50 25 95
50 60 175
5 44 68
5 38 290
5 21 303
5 48 209
5 14 135
6 8 49
6 33 335
6 22 94
6 41 234
6 56 248
19 12 231
19 47 375
19 58 107
19 52 444
19 15 22
49 43 30
49 32 437
49 10 135
49 39 469
3
49 11
44 56
32 59