15
1 2
1 3
2 4
3 7
6 2
3 8
4 9
2 5
5 11
7 13
10 4
11 15
12 5
14 7
6
6 11
10 9
2 6
7 6
8 13
8 15
2
2 1 
1
1 2
3
2 1 
3 1 
3
1 2
1 3
2 3
4
1 2
3 2
4 3
4
1 2
2 3
3 4
2 4
30
1 2
2 3
3 4 
4 5 
5 6 
6 7 
7 8 
8 9 
9 10
10 11
11 12
12 13
13 14
14 15
15 16
16 17
17 18
18 19
19 20
20 21
21 22
22 23
23 24
24 25
25 26
26 27
27 28
28 29
29 30
2
6 11
4 20
40
1 2
2 3
3 4 
4 5 
5 6 
6 7 
7 8 
8 9 
9 10
10 11
11 12
12 13
13 14
14 15
15 16
16 17
17 18
18 19
19 20
20 21
21 22
22 23
23 24
24 25
25 26
26 27
27 28
28 29
29 30
7 31
31 32
32 33
33 34
34 35
35 36
36 37
37 38
38 39
39 40
4
6 11
4 20
32 30
38 10
