4
0 1 2 3
4 0 5 6
7 1 0 2
3 4 5 0
6
0 1 2 3 4 5
1 0 2 3 4 5
1 2 0 3 4 5
1 2 3 0 4 5
1 2 3 4 0 5
1 2 3 4 5 0
8
0 5 4 5 4 5 4 5
4 0 5 1 2 3 4 5
9 8 0 1 2 3 1 2
9 9 9 0 9 9 9 9
1 1 1 1 0 1 1 1
8 7 6 5 4 0 3 2
9 1 9 1 9 1 0 9
6 5 4 3 2 1 9 0
16
0 5 4 5 4 5 4 5 5 4 5 4 5 4 5 4
4 0 5 1 2 3 4 5 5 1 2 3 4 5 5 4
9 8 0 1 2 3 1 2 1 2 3 1 2 1 2 4
9 9 9 0 9 9 9 9 9 9 9 9 9 9 9 4
1 1 1 1 0 1 1 1 1 1 1 1 1 1 1 4
8 7 6 5 4 0 3 2 3 2 3 2 3 2 3 4
9 1 9 1 9 1 0 9 1 9 1 9 1 1 9 4
6 5 4 3 2 1 9 0 6 5 4 3 2 1 9 4
1 6 5 4 3 2 1 9 0 6 5 4 3 2 1 4
2 1 6 5 4 3 2 1 9 0 6 5 4 3 2 4
4 2 1 6 5 4 3 2 1 9 0 6 5 4 3 4
5 4 2 1 6 5 4 3 2 1 9 0 6 5 4 4
9 5 4 2 1 6 5 4 3 2 1 9 0 6 5 4
2 9 5 4 2 1 6 5 4 3 2 1 9 0 6 4
5 2 9 5 4 2 1 6 5 4 3 2 1 9 0 4
5 5 2 9 5 4 2 1 6 5 4 3 2 1 9 0
20
0 5 4 5 4 5 4 5 5 4 5 4 5 4 5 5 4 5 4 5
4 0 5 1 2 3 4 5 5 1 2 3 4 5 5 1 2 3 4 5
9 8 0 1 2 3 1 2 1 2 3 1 2 1 2 3 1 2 1 2
9 9 9 0 9 9 9 9 9 9 9 9 9 9 9 9 9 9 9 9
1 1 1 1 0 1 1 1 1 1 1 1 1 1 1 1 1 1 1 1
8 7 6 5 4 0 3 2 3 2 3 2 3 2 3 2 3 2 3 2
9 1 9 1 9 1 0 9 1 9 1 9 1 1 9 1 9 1 1 9
6 5 4 3 2 1 9 0 6 5 4 3 2 1 9 6 5 4 3 2
1 6 5 4 3 2 1 9 0 6 5 4 3 2 1 9 6 5 4 3
2 1 6 5 4 3 2 1 9 0 6 5 4 3 2 1 9 6 5 4
4 2 1 6 5 4 3 2 1 9 0 6 5 4 3 2 1 9 6 5
5 4 2 1 6 5 4 3 2 1 9 0 6 5 4 3 2 1 9 6
9 5 4 2 1 6 5 4 3 2 1 9 0 6 5 4 3 2 1 9
2 9 5 4 2 1 6 5 4 3 2 1 9 0 6 5 4 3 2 1
5 2 9 5 4 2 1 6 5 4 3 2 1 9 0 6 5 4 3 2
6 5 2 9 5 4 2 1 6 5 4 3 2 1 9 0 6 5 4 3
6 3 5 2 9 5 4 2 1 6 5 4 3 2 1 9 0 6 5 4
1 6 3 5 2 9 5 4 2 1 6 5 4 3 2 1 9 0 6 5
7 1 6 3 5 2 9 5 4 2 1 6 5 4 3 2 1 9 0 6
3 7 1 6 3 5 2 9 5 4 2 1 6 5 4 3 2 1 9 0