8
5 40
35 25
10 20
10 25
30 50
50 60
30 25
80 100
30
4
20 80
70 30
35 65
40 60
10
5
-5 5
30 40
-5 5
50 40
5 -5
10
10
23 89
34 41
2 17
47 91
89 98
85 85
70 82
1 3
48 68
18 28
36
100
61 66
2 72
3 28
18 53
27 68
48 52
34 63
26 72
22 40
32 75
37 86
70 72
9 78
59 96
23 84
8 71
15 60
30 87
81 89
45 98
10 34
24 80
5 57
49 73
78 95
2 25
6 31
12 71
27 28
16 80
65 95
72 91
10 33
14 24
3 68
13 91
8 93
12 39
17 57
6 51
2 77
36 78
18 38
44 49
52 73
25 97
78 99
43 68
73 97
6 89
7 72
41 44
36 54
7 19
16 31
62 65
26 37
75 77
48 82
20 68
77 94
59 60
3 71
38 91
37 50
43 72
34 85
33 93
74 86
25 61
22 99
29 72
11 94
45 93
6 90
59 82
26 39
16 92
13 23
60 87
32 37
57 59
17 83
28 95
72 92
65 75
27 28
47 50
49 96
53 98
37 73
10 82
35 39
34 72
13 84
41 71
6 9
24 32
17 39
2 18
50